# # # # # # # # # # # # # # # # 
#[ ][ ][ ][ ][ ][ ][ ][ ][ ][ ]#
#[ ][ ][ ][ ][ ][ ][ ][ ][ ][ ]#
#[ ][ ][ ][ ][ ][ ][ ][ ][ ][ ]#
#[ ][ ][ ][ ][ ][ ][ ][ ][ ][ ]#
#[ ][ ][ ][ ][ ][ ][ ][ ][ ][ ]#
#[ ][ ][ ][1][ ][1][3][ ][ ][ ]#
#[ ][ ][ ][1][ ][ ][1][ ][ ][ ]#
#[ ][ ][ ][ ][2][ ][ ][ ][ ][ ]#
#[ ][ ][ ][ ][ ][ ][ ][ ][ ][ ]#
#[ ][ ][ ][ ][ ][ ][ ][ ][ ][ ]#
 # # # # # # # # # # # # # # # #

[][][
[][][][]
][][][][][][]
[][][][][][][]] 
][][][][][][]
[][][][]
][][]



####
######
###########
######
####


<O>
/|\
/ \


  

<(o o)>
  \^/
 /| |\
@ |_| @
 // \\
//   \\



  _\-/_
<( o o )>
  \   /
 /|\^/|\
/ |   | \
@ |___| @
  // \\
 //   \\
||     ||






    
  >/^\
 //___\<
//|   |\\








#########         #########
#########  _\-/_  #########
#########<( o o )>#########
#########  \   /  #########
######### /|\^/|\ #########
#########/ |   | \#########
#########@ |___| @#########
#########  // \\  #########
######### //   \\ #########
#########||     ||#########

111111111333333333111111111


000000000333333333000000000
000000000333333333000000000
000000000333333333000000000
000000000333333333000000000
000000000333333333000000000
000000000333333333000000000
000000000333333333000000000
000000000333333333000000000
111111111333333333111111111




######### <(o o)> #########
#########   \^/   ######### 
#########  /| |\  #########
######### @ |_| @ #########
#########  // \\  #########
######### //   \\ #########

111111111333333333111111111 6
000000000000000000000000000 7
000000000000000000000000000 7
000000000000000000000000000 7
000000000000000000000000000 8
000000000000000000000000000 8
000000000000000000000000000 8
000000000000000000000000000 9
000000000000000000000000000 9
000000000000000000000000000 9

10 8 6



###                     ###
########           ########
######### <(o o)> #########
#########   \^/   ######### 
#########  /| |\  #########
######### @ |_| @ #########
#########  // \\  #########
######### //   \\ #########
########           ########
###                     ###


111111111333333333111111111 6
000000010000000000010000000 8
000000100000000000001000000 8
000001000000000000000100000 8
000010000000000000000010000 8
000100000000000000000001000 8
001000000000000000000000100 10
010000000000000000000000010 10
100000000000000000000000001 10
000000000000080000000000000 10




000000001 000000000 000000000   000000000 000000000 000000000
000000110 000000000 000000000   000000000 000000000 000000000
000011000 000000000 000000000   000000000 000000000 000000000
000100000 000000000 000000000   000000000 000000000 000000000
001000000 000000000 000000000   000000000 000000000 000000000
001000000 000000000 000000000   000000000 000000000 000000000
010000000 000000000 000000000   000000000 000000000 000000000
110000000 000000000 000000000   000000000 000000000 000000000
100000000 000000000 000000000   000000000 000000000 000000000

000000000 000000000 000000000   000000000 000000000 000000000
000000000 000000000 000000000   000000000 000000000 000000000
000000000 000000000 000000000   000000000 000000000 000000000
000000000 000000000 000000000   000000000 000000000 000000000
000000000 000000000 000000000   000000000 000000000 000000000
000000000 000000000 000000000   000000000 000000000 000000000
000000000 000000000 000000000   000000000 000000000 000000000
000000000 000000000 000000000   000000000 000000000 000000000
000000000 000000000 000000000   000000000 000000000 000000000

000000000 000000000 000000000   000000000 000000000 000000000
000000000 000000000 000000000   000000000 000000000 000000000
000000000 000000000 000000000   000000000 000000000 000000000
000000000 000000000 000000000   000000000 000000000 000000000
000000000 000000000 000000000   000000000 000000000 000000000
000000000 000000000 000000000   000000000 000000000 000000000
000000000 000000000 000000000   000000000 000000000 000000000
000000000 000000000 000000000   000000000 000000000 000000000
000000000 000000000 000000000   000000000 000000000 000000000








000000001 000000000 000000000   000000000 000000000 000000000
000000110 000000000 000000000   000000000 000000000 000000000
000011000 000000000 000000000   000000000 000000000 000000000
000100000 000000000 000000000   000000000 000000000 000000000
001000000 000000000 000000000   000000000 000000000 000000000
001000000 000000000 000000000   000000000 000000000 000000000
010000000 000000000 000000000   000000000 000000000 000000000
110000000 000000000 000000000   000000000 000000000 000000000
100000000 000000000 000000000   000000000 000000000 000000000

000000000 000000000 000000000   000000000 000000000 000000000
000000000 000000000 000000000   000000000 000000000 000000000
000000000 000000000 000000000   000000000 000000000 000000000
000000000 000000000 000000000   000000000 000000000 000000000
000000000 000000000 000000000   000000000 000000000 000000000
000000000 000000000 000000000   000000000 000000000 000000000
000000000 000000000 000000000   000000000 000000000 000000000
000000000 000000000 000000000   000000000 000000000 000000000
000000000 000000000 000000000   000000000 000000000 000000000

000000000 000000000 000000000   000000000 000000000 000000000
000000000 000000000 000000000   000000000 000000000 000000000
000000000 000000000 000000000   000000000 000000000 000000000
000000000 000000000 000000000   000000000 000000000 000000000
000000000 000000000 000000000   000000000 000000000 000000000
000000000 000000000 000000000   000000000 000000000 000000000
000000000 000000000 000000000   000000000 000000000 000000000
000000000 000000000 000000000   000000000 000000000 000000000
000000000 000000000 000000000   000000000 000000000 000000000





X00000001 000000000 000000000   000000000 000000000 00000000X
0X0000110 000000000 000000000   000000000 000000000 0000000X0
00X011000 000000000 000000000   000000000 000000000 000000X00
000X00000 000000000 000000000   000000000 000000000 00000X000
0010X0000 000000000 000000000   000000000 000000000 0000X0000
00100X000 000000000 000000000   000000000 000000000 000X00000
010000X00 000000000 000000000   000000000 000000000 00X000000
1100000X0 000000000 000000000   000000000 000000000 0X0000000
10000000X 000000000 000000000   000000000 000000000 X00000000

000000000 X00000000 000000000   000000000 00000000X 000000000
000000000 0X0000000 000000000   000000000 0000000X0 000000000
000000000 00X000000 000000000   000000000 000000X00 000000000
000000000 000X00000 000000000   000000000 00000X000 000000000
000000000 0000X0000 000000000   000000000 0000X0000 000000000
000000000 00000X000 000000000   000000000 000X00000 000000000
000000000 000000X00 000000000   000000000 00X000000 000000000
000000000 0000000X0 000000000   000000000 0X0000000 000000000
000000000 00000000X 000000000   000000000 X00000000 000000000

000000000 000000000 X00000000   00000000X 000000000 000000000
000000000 000000000 0X0000000   0000000X0 000000000 000000000
000000000 000000000 00X000000   000000X00 000000000 000000000
000000000 000000000 000X00000   00000X000 000000000 000000000
000000000 000000000 0000X0000   0000X0000 000000000 000000000
000000000 000000000 00000X000   000X00000 000000000 000000000
000000000 000000000 000000X00   00X000000 000000000 000000000
000000000 000000000 0000000X0   0X0000000 000000000 000000000
000000000 000000000 00000000X   X00000000 000000000 000000000



000000001 000000000 000000000   000000000 000000000 000000000
000000110 000000000 000000000   000000000 000000000 000000000
000011000 000000000 000000000   000000000 000000000 000000000
000100000 000000000 000000000   000000000 000000000 000000000
001000000 000000000 000000000   000000000 000000000 000000000
001000000 000000000 000000000   000000000 000000000 000000000
010000000 000000000 000000000   000000000 000000000 000000000
110000000 000000000 000000000   000000000 000000000 000000000
100000000 000000000 000000000   000000000 000000000 000000000

000000000 000000000 000000000   000000000 000000000 000000000
000000000 000000000 000000000   000000000 000000000 000000000
000000000 000000000 000000000   000000000 000000000 000000000
000000000 000000000 000000000   000000000 000000000 000000000
000000000 000000000 000000000   000000000 000000000 000000000
000000000 000000000 000000000   000000000 000000000 000000000
000000000 000000000 000000000   000000000 000000000 000000000
000000000 000000000 000000000   000000000 000000000 000000000
000000000 000000000 000000000   000000000 000000000 000000000

000000000 000000000 000000000   000000000 000000000 000000000
000000000 000000000 000000000   000000000 000000000 000000000
000000000 000000000 000000000   000000000 000000000 000000000
000000000 000000000 000000000   000000000 000000000 000000000
000000000 000000000 000000000   000000000 000000000 000000000
000000000 000000000 000000000   000000000 000000000 000000000
000000000 000000000 000000000   000000000 000000000 000000000
000000000 000000000 000000000   000000000 000000000 000000000
000000000 000000000 000000002   000000000 000000000 000000000







###                     ###
########           ########
#########         #########
#########         ######### 
###########################
###########################
#########         #########
#########         #########
########           ########
###                     ###












